001
孙一洲
98.000000	99.000000	89.000000	90.000000	999.000000	999.000000	376.000000
5
002
任盈盈
100.000000	18.000000	30.000000	0.000000	999.000000	999.000000	148.000000
15
003
学霸
90.000000	99.000000	100.000000	100.000000	999.000000	999.000000	389.000000
2
004
学神
100.000000	100.000000	100.000000	100.000000	999.000000	999.000000	400.000000
1
023
令狐冲
100.000000	23.000000	10.000000	0.000000	999.000000	999.000000	133.000000
16
100
陈映李
90.000000	96.000000	94.000000	98.000000	999.000000	999.000000	378.000000
4
101
饶龙
87.000000	86.000000	72.000000	91.000000	999.000000	999.000000	336.000000
9
123
赵志坚
97.000000	59.000000	90.000000	68.000000	999.000000	999.000000	314.000000
13
124
李婉盈
83.000000	72.000000	94.000000	70.000000	999.000000	999.000000	319.000000
12
126
文钰丹
90.000000	73.000000	83.000000	82.000000	999.000000	999.000000	328.000000
10
204
尹宇毅
78.000000	93.000000	90.000000	86.000000	999.000000	999.000000	347.000000
6
222
高昊天
80.000000	94.000000	80.000000	92.000000	999.000000	999.000000	346.000000
7
233
江榕煜
80.000000	94.000000	82.000000	90.000000	999.000000	999.000000	346.000000
7
323
马龙
73.000000	90.000000	83.000000	82.000000	999.000000	999.000000	328.000000
10
333
李开丁
60.000000	100.000000	45.000000	80.000000	999.000000	999.000000	285.000000
14
666
李赞
89.000000	100.000000	100.000000	100.000000	999.000000	999.000000	389.000000
2
